0.994544
0.995963
0.998216
1.00104
1.00509
1.00679
1.00703
1.007
1.00682
1.00637
1.00546
1.00404
1.00178
0.998934
0.994893
0.993215
0.992981
0.993013
0.993193
0.993642
0.995963
0.998216
1.00104
1.00509
1.00679
1.00703
1.007
1.00682
1.00637
1.00546
1.00404
1.00178
0.998934
0.994893
0.993215
0.992981
0.993013
0.993193
0.993642
0.994544
0.998216
1.00104
1.00509
1.00679
1.00703
1.007
1.00682
1.00637
1.00546
1.00404
1.00178
0.998934
0.994893
0.993215
0.992981
0.993013
0.993193
0.993642
0.994544
0.995963
1.00104
1.00509
1.00679
1.00703
1.007
1.00682
1.00637
1.00546
1.00404
1.00178
0.998934
0.994893
0.993215
0.992981
0.993013
0.993193
0.993642
0.994544
0.995963
0.998216
1.00509
1.00679
1.00703
1.007
1.00682
1.00637
1.00546
1.00404
1.00178
0.998934
0.994893
0.993215
0.992981
0.993013
0.993193
0.993642
0.994544
0.995963
0.998216
1.00104
1.00679
1.00703
1.007
1.00682
1.00637
1.00546
1.00404
1.00178
0.998934
0.994893
0.993215
0.992981
0.993013
0.993193
0.993642
0.994544
0.995963
0.998216
1.00104
1.00509
1.00703
1.007
1.00682
1.00637
1.00546
1.00404
1.00178
0.998934
0.994893
0.993215
0.992981
0.993013
0.993193
0.993642
0.994544
0.995963
0.998216
1.00104
1.00509
1.00679
1.007
1.00682
1.00637
1.00546
1.00404
1.00178
0.998934
0.994893
0.993215
0.992981
0.993013
0.993193
0.993642
0.994544
0.995963
0.998216
1.00104
1.00509
1.00679
1.00703
1.00682
1.00637
1.00546
1.00404
1.00178
0.998934
0.994893
0.993215
0.992981
0.993013
0.993193
0.993642
0.994544
0.995963
0.998216
1.00104
1.00509
1.00679
1.00703
1.007
1.00637
1.00546
1.00404
1.00178
0.998934
0.994893
0.993215
0.992981
0.993013
0.993193
0.993642
0.994544
0.995963
0.998216
1.00104
1.00509
1.00679
1.00703
1.007
1.00682
1.00546
1.00404
1.00178
0.998934
0.994893
0.993215
0.992981
0.993013
0.993193
0.993642
0.994544
0.995963
0.998216
1.00104
1.00509
1.00679
1.00703
1.007
1.00682
1.00637
1.00404
1.00178
0.998934
0.994893
0.993215
0.992981
0.993013
0.993193
0.993642
0.994544
0.995963
0.998216
1.00104
1.00509
1.00679
1.00703
1.007
1.00682
1.00637
1.00546
1.00178
0.998934
0.994893
0.993215
0.992981
0.993013
0.993193
0.993642
0.994544
0.995963
0.998216
1.00104
1.00509
1.00679
1.00703
1.007
1.00682
1.00637
1.00546
1.00404
0.998934
0.994893
0.993215
0.992981
0.993013
0.993193
0.993642
0.994544
0.995963
0.998216
1.00104
1.00509
1.00679
1.00703
1.007
1.00682
1.00637
1.00546
1.00404
1.00178
0.994893
0.993215
0.992981
0.993013
0.993193
0.993642
0.994544
0.995963
0.998216
1.00104
1.00509
1.00679
1.00703
1.007
1.00682
1.00637
1.00546
1.00404
1.00178
0.998934
0.993215
0.992981
0.993013
0.993193
0.993642
0.994544
0.995963
0.998216
1.00104
1.00509
1.00679
1.00703
1.007
1.00682
1.00637
1.00546
1.00404
1.00178
0.998934
0.994893
0.992981
0.993013
0.993193
0.993642
0.994544
0.995963
0.998216
1.00104
1.00509
1.00679
1.00703
1.007
1.00682
1.00637
1.00546
1.00404
1.00178
0.998934
0.994893
0.993215
0.993013
0.993193
0.993642
0.994544
0.995963
0.998216
1.00104
1.00509
1.00679
1.00703
1.007
1.00682
1.00637
1.00546
1.00404
1.00178
0.998934
0.994893
0.993215
0.992981
0.993193
0.993642
0.994544
0.995963
0.998216
1.00104
1.00509
1.00679
1.00703
1.007
1.00682
1.00637
1.00546
1.00404
1.00178
0.998934
0.994893
0.993215
0.992981
0.993013
0.993642
0.994544
0.995963
0.998216
1.00104
1.00509
1.00679
1.00703
1.007
1.00682
1.00637
1.00546
1.00404
1.00178
0.998934
0.994893
0.993215
0.992981
0.993013
0.993193
